version 1
nodes
  0 "NotABone0"  -1
  1 "NotABone1"  -1
  2 "bone0"  -1
  3 "bone1"  2
  4 "bone2"  2
  5 "bone3"  3
  6 "bone4"  3
  7 "bone5"  3
  8 "bone6"  3
  9 "bone7"  3
  10 "bone8"  4
  11 "bone9"  4
  12 "bone10"  4
  13 "bone11"  5
  14 "bone12"  6
  15 "bone13"  7
  16 "bone14"  8
  17 "bone15"  9
  18 "bone16"  10
  19 "bone17"  11
  20 "bone18"  12
  21 "bone19"  13
  22 "bone20"  14
  23 "bone21"  15
  24 "bone22"  16
  25 "bone23"  17
  26 "bone24"  18
  27 "bone25"  19
  28 "bone26"  20
  29 "bone27"  22
  30 "bone28"  23
  31 "bone29"  26
  32 "bone30"  27
  33 "bone31"  28
  34 "bone32"  29
  35 "bone33"  30
end
skeleton
time 0
  0 0.000000 0.000000 0.000000 0.000000 0.000000 0.000000
  1 0.000000 0.000000 0.000000 0.000000 0.000000 0.000000
  2 -345.000000 -4620.000000 0.000000 1.570796 -0.000000 -1.570796
  3 0.000000 -0.000000 0.000000 -1.730188 -0.889706 2.614296
  4 0.000000 -0.000000 0.000000 -1.570796 0.000000 -1.498699
  5 0.000078 -0.000022 -2237.000244 -0.283525 -0.491678 -0.185306
  6 0.000078 -0.000022 -2237.000244 3.125916 1.205990 -1.571752
  7 0.000078 -0.000022 -2237.000244 3.125916 -1.205990 -1.569841
  8 0.000078 -0.000022 -2237.000244 1.891303 0.000320 2.206202
  9 0.000078 -0.000022 -2237.000244 1.891303 -0.000320 0.935391
  10 -0.000004 -0.000000 -1877.000244 -1.574476 -0.000036 -0.019599
  11 -0.000004 -0.000000 -1877.000244 -1.574476 0.000036 -3.121993
  12 -0.000004 -0.000000 -1877.000244 0.000000 -0.624330 0.000000
  13 0.000039 0.000201 -657.999878 -0.000000 -0.774660 -0.000000
  14 -0.000008 0.000050 -817.000244 0.014299 0.159491 0.003107
  15 -0.000067 -0.000038 -817.000000 0.014299 -0.159491 -0.003107
  16 -0.000034 0.000494 -1220.000000 0.055024 -0.322591 -1.938772
  17 -0.000090 -0.000099 -1220.000000 -0.216726 -0.263447 -1.211547
  18 -0.000004 0.000079 -962.999939 1.014280 0.202405 1.768804
  19 -0.000003 -0.000126 -962.999939 0.693130 -0.044399 -1.579767
  20 0.000132 0.000005 -3723.000000 -0.000000 -0.940330 0.000000
  21 0.000224 0.000171 -342.000061 -0.000000 -0.697961 -0.000000
  22 0.000332 0.000097 -631.000122 1.497171 1.320550 2.783962
  23 -0.000113 0.000122 -630.999939 -0.036616 0.603938 -2.185045
  24 -0.000105 0.000007 -2888.999756 -0.000000 0.000000 -0.000000
  25 0.000098 0.000185 -2888.999756 -0.000000 0.000000 -0.000000
  26 -0.000169 -0.000123 -3020.000488 3.141592 -0.808408 3.141592
  27 0.000187 -0.000038 -3020.000000 3.141592 0.730175 -3.141593
  28 -0.000013 0.000018 -5883.000488 -0.000000 -0.492408 -0.000000
  29 -0.000003 0.000674 -2649.999756 -0.000003 1.563130 0.000001
  30 0.000046 0.000004 -2649.999756 3.141592 -0.908117 -3.141593
  31 0.000047 0.000032 -3532.000000 0.083557 0.548045 -0.042895
  32 -0.000102 0.000129 -3532.000000 0.369101 0.780544 -2.534407
  33 -0.000284 -0.000023 -5617.000488 -0.052155 -1.474156 0.000000
  34 -0.000066 0.000402 -1326.000000 0.714355 0.472622 -0.483428
  35 -0.000143 -0.000114 -1325.999878 1.595845 0.448592 1.056893
end
triangles
"ffdtex0.png"
  0 -3088.555176 -6317.054688 2421.737061 0.000000 0.000000 0.000000 0.000000 -0.507813 1 21 1.000000
  0 -2942.099365 -5707.676270 2529.335205 -0.892345 -0.113403 0.436875 0.085938 -0.609375 1 21 1.000000
  0 -3059.421631 -6138.515625 2825.379150 0.000000 0.000000 0.000000 0.093750 -0.507813 1 21 1.000000
"ffdtex0.png"
  0 -3088.555176 -6317.054688 2421.737061 0.000000 0.000000 0.000000 0.000000 -0.507813 1 21 1.000000
  0 -3059.421631 -6138.515625 2825.379150 0.000000 0.000000 0.000000 0.093750 -0.507813 1 21 1.000000
  0 -2942.099365 -5707.676270 2529.335205 -0.892345 -0.113403 0.436875 0.085938 -0.609375 1 21 1.000000
"ffdtex0.png"
  0 -2960.419189 -5733.140625 2139.732910 -0.474410 -0.055194 0.878572 0.007813 -0.648438 1 21 1.000000
  0 -3088.555176 -6317.054688 2421.737061 0.000000 0.000000 0.000000 0.000000 -0.507813 1 21 1.000000
  0 -2942.099365 -5707.676270 2529.335205 -0.892345 -0.113403 0.436875 0.085938 -0.609375 1 21 1.000000
"ffdtex0.png"
  0 -2960.419189 -5733.140625 2139.732910 -0.474410 -0.055194 0.878572 0.007813 -0.648438 1 21 1.000000
  0 -2942.099365 -5707.676270 2529.335205 -0.892345 -0.113403 0.436875 0.085938 -0.609375 1 21 1.000000
  0 -3088.555176 -6317.054688 2421.737061 0.000000 0.000000 0.000000 0.000000 -0.507813 1 21 1.000000
"ffdtex0.png"
  0 -2612.651611 -6315.295410 1828.317139 0.000000 0.000000 0.000000 0.000000 -0.492188 1 13 1.000000
  0 -3006.014648 -5689.123535 2378.590088 0.000000 0.000000 0.000000 0.187500 -0.500000 1 13 1.000000
  0 -2764.823730 -6338.892090 2278.437012 -0.784326 0.238124 -0.572826 0.070313 -0.421875 1 13 1.000000
"ffdtex0.png"
  0 -2764.823730 -6338.892090 2278.437012 -0.784326 0.238124 -0.572826 0.070313 -0.421875 1 13 1.000000
  0 -2820.376221 -5942.918457 2649.316406 -0.822829 0.563229 -0.075668 0.187500 -0.414063 1 13 1.000000
  0 -3006.014648 -5689.123535 2378.590088 0.000000 0.000000 0.000000 0.187500 -0.500000 1 13 1.000000
"ffdtex0.png"
  0 -2612.651611 -6315.295410 1828.317139 0.000000 0.000000 0.000000 0.000000 -0.492188 1 13 1.000000
  0 -2764.823730 -6338.892090 2278.437012 -0.784326 0.238124 -0.572826 0.070313 -0.421875 1 13 1.000000
  0 -3006.014648 -5689.123535 2378.590088 0.000000 0.000000 0.000000 0.187500 -0.500000 1 13 1.000000
"ffdtex0.png"
  0 -2653.556396 -6644.849121 2089.834229 -0.866594 0.127574 -0.482432 0.000000 -0.406250 1 13 1.000000
  0 -2764.823730 -6338.892090 2278.437012 -0.784326 0.238124 -0.572826 0.070313 -0.421875 1 13 1.000000
  0 -2612.651611 -6315.295410 1828.317139 0.000000 0.000000 0.000000 0.000000 -0.492188 1 13 1.000000
"ffdtex0.png"
  0 -2820.376221 -5942.918457 2649.316406 -0.822829 0.563229 -0.075668 0.187500 -0.414063 1 13 1.000000
  0 -2764.823730 -6338.892090 2278.437012 -0.784326 0.238124 -0.572826 0.070313 -0.421875 1 13 1.000000
  0 -3006.014648 -5689.123535 2378.590088 0.000000 0.000000 0.000000 0.187500 -0.500000 1 13 1.000000
"ffdtex0.png"
  0 -2653.556396 -6644.849121 2089.834229 -0.866594 0.127574 -0.482432 0.000000 -0.406250 1 13 1.000000
  0 -2612.651611 -6315.295410 1828.317139 0.000000 0.000000 0.000000 0.000000 -0.492188 1 13 1.000000
  0 -2764.823730 -6338.892090 2278.437012 -0.784326 0.238124 -0.572826 0.070313 -0.421875 1 13 1.000000
"ffdtex0.png"
  0 2410.224854 -3216.543213 1934.388672 -0.485859 -0.570068 0.662543 0.226563 -0.421875 1 27 1.000000
  0 3462.912842 -2270.673828 1737.288208 0.949188 -0.222280 0.222785 0.289063 -0.335938 1 19 1.000000
  0 2904.388184 -2201.250732 2388.886719 0.171868 0.666254 0.725649 0.226563 -0.335938 1 19 1.000000
"ffdtex0.png"
  0 2468.145752 -1930.212402 1781.863403 0.511900 0.169757 0.842105 0.117188 -0.351563 1 27 1.000000
  0 1917.340698 -3043.629150 1712.003540 0.306985 -0.540955 0.783025 0.109375 -0.257813 1 19 1.000000
  0 2828.907471 -1970.209839 1369.955322 0.904828 -0.125961 0.406718 0.078125 -0.359375 1 27 1.000000
"ffdtex0.png"
  0 2828.907471 -1970.209839 1369.955322 0.904828 -0.125961 0.406718 0.078125 -0.359375 1 27 1.000000
  0 1917.340698 -3043.629150 1712.003540 0.306985 -0.540955 0.783025 0.109375 -0.257813 1 19 1.000000
  0 2494.762939 -3112.836670 1046.233521 0.327792 -0.901498 0.282586 0.046875 -0.289063 1 19 1.000000
"ffdtex0.png"
  0 2258.510742 -1474.322510 1636.307373 -0.031518 0.572821 0.819074 0.054688 -0.726563 1 27 1.000000
  0 2468.145752 -1930.212402 1781.863403 0.511900 0.169757 0.842105 0.054688 -0.687500 1 27 1.000000
  0 2700.921631 -1524.106079 1130.257568 0.907600 0.393706 -0.145803 0.007813 -0.742188 1 27 1.000000
"ffdtex0.png"
  0 2700.921631 -1524.106079 1130.257568 0.907600 0.393706 -0.145803 0.007813 -0.742188 1 27 1.000000
  0 2468.145752 -1930.212402 1781.863403 0.511900 0.169757 0.842105 0.054688 -0.687500 1 27 1.000000
  0 2828.907471 -1970.209839 1369.955322 0.904828 -0.125961 0.406718 0.007813 -0.695313 1 27 1.000000
"ffdtex0.png"
  0 1153.296631 -363.292511 376.372803 -0.143403 0.676502 0.722343 0.093750 -0.890625 1 27 1.000000
  0 2258.510742 -1474.322510 1636.307373 -0.031518 0.572821 0.819074 0.054688 -0.726563 1 27 1.000000
  0 1416.837402 -393.856354 75.676750 0.684826 0.726649 -0.054721 0.062500 -0.906250 1 27 1.000000
"ffdtex0.png"
  0 1416.837402 -393.856354 75.676750 0.684826 0.726649 -0.054721 0.062500 -0.906250 1 27 1.000000
  0 2258.510742 -1474.322510 1636.307373 -0.031518 0.572821 0.819074 0.054688 -0.726563 1 27 1.000000
  0 2700.921631 -1524.106079 1130.257568 0.907600 0.393706 -0.145803 0.007813 -0.742188 1 27 1.000000
"ffdtex0.png"
  0 891.577576 -719.842285 210.347641 -0.876033 -0.203056 0.437418 0.140625 -0.882813 1 27 1.000000
  0 1182.561035 -752.286926 -122.118851 0.022948 -0.499857 -0.865804 0.179688 -0.882813 1 27 1.000000
  0 2410.224854 -3216.543213 1934.388672 -0.485859 -0.570068 0.662543 0.117188 -0.601563 1 27 1.000000
"ffdtex0.png"
  0 2410.224854 -3216.543213 1934.388672 -0.485859 -0.570068 0.662543 0.117188 -0.601563 1 27 1.000000
  0 1182.561035 -752.286926 -122.118851 0.022948 -0.499857 -0.865804 0.179688 -0.882813 1 27 1.000000
  0 2846.103760 -3265.543945 1435.870239 0.630156 -0.432835 -0.644637 0.179688 -0.601563 1 27 1.000000
"ffdtex0.png"
  0 -3418.687500 -3203.554688 2699.712158 -0.996971 -0.058032 -0.051779 0.117188 -0.601563 1 26 1.000000
  0 -2857.480469 -3135.970703 3048.124268 0.155283 0.143045 0.977459 0.179688 -0.601563 1 26 1.000000
  0 -2464.767822 -518.307007 858.081421 -0.917753 0.391647 0.065892 0.140625 -0.882813 1 26 1.000000
"ffdtex0.png"
  0 -2464.767822 -518.307007 858.081421 -0.917753 0.391647 0.065892 0.140625 -0.882813 1 26 1.000000
  0 -2857.480469 -3135.970703 3048.124268 0.155283 0.143045 0.977459 0.179688 -0.601563 1 26 1.000000
  0 -2090.182129 -473.388214 1090.301025 0.549533 0.404967 0.730763 0.179688 -0.882813 1 26 1.000000
"ffdtex0.png"
  0 -1873.028320 -712.498657 746.569458 0.962078 -0.179759 -0.205164 0.062500 -0.906250 1 26 1.000000
  0 -2028.376587 -2523.109131 1604.493286 0.928845 -0.343882 -0.137810 0.007813 -0.742188 1 26 1.000000
  0 -2211.541504 -752.678894 535.381531 0.100818 -0.378851 -0.919950 0.093750 -0.890625 1 26 1.000000
"ffdtex0.png"
  0 -2211.541504 -752.678894 535.381531 0.100818 -0.378851 -0.919950 0.093750 -0.890625 1 26 1.000000
  0 -2028.376587 -2523.109131 1604.493286 0.928845 -0.343882 -0.137810 0.007813 -0.742188 1 26 1.000000
  0 -2598.005371 -2591.742188 1250.792114 -0.243256 -0.564123 -0.789045 0.054688 -0.726563 1 26 1.000000
"ffdtex0.png"
  0 -2028.376587 -2523.109131 1604.493286 0.928845 -0.343882 -0.137810 0.007813 -0.742188 1 26 1.000000
  0 -2263.908936 -2858.110107 1928.750610 0.948485 0.064562 0.310176 0.007813 -0.695313 1 26 1.000000
  0 -2598.005371 -2591.742188 1250.792114 -0.243256 -0.564123 -0.789045 0.054688 -0.726563 1 26 1.000000
"ffdtex0.png"
  0 -2598.005371 -2591.742188 1250.792114 -0.243256 -0.564123 -0.789045 0.054688 -0.726563 1 26 1.000000
  0 -2263.908936 -2858.110107 1928.750610 0.948485 0.064562 0.310176 0.007813 -0.695313 1 26 1.000000
  0 -2728.265869 -2913.631104 1641.162109 -0.751337 0.546097 -0.370501 0.054688 -0.687500 1 26 1.000000
"ffdtex0.png"
  0 -2263.908936 -2858.110107 1928.750610 0.948485 0.064562 0.310176 0.078125 -0.359375 1 26 1.000000
  0 -2146.799072 -2840.224609 1956.159546 0.191149 0.778386 0.597977 0.046875 -0.289063 1 18 1.000000
  0 -2728.265869 -2913.631104 1641.162109 -0.751337 0.546097 -0.370501 0.117188 -0.351563 1 26 1.000000
"ffdtex0.png"
  0 -2728.265869 -2913.631104 1641.162109 -0.751337 0.546097 -0.370501 0.117188 -0.351563 1 26 1.000000
  0 -2146.799072 -2840.224609 1956.159546 0.191149 0.778386 0.597977 0.046875 -0.289063 1 18 1.000000
  0 -2891.282471 -2932.952881 1488.610840 -0.796538 0.597711 -0.090933 0.109375 -0.257813 1 18 1.000000
"ffdtex0.png"
  0 -3418.687500 -3203.554688 2699.712158 -0.996971 -0.058032 -0.051779 0.226563 -0.421875 1 26 1.000000
  0 -3260.570557 -4000.787842 2418.874023 -0.760321 -0.567396 0.316185 0.226563 -0.335938 1 18 1.000000
  0 -2857.480469 -3135.970703 3048.124268 0.155283 0.143045 0.977459 0.281250 -0.414063 1 26 1.000000
"ffdtex0.png"
  0 -2857.480469 -3135.970703 3048.124268 0.155283 0.143045 0.977459 0.281250 -0.414063 1 26 1.000000
  0 -3260.570557 -4000.787842 2418.874023 -0.760321 -0.567396 0.316185 0.226563 -0.335938 1 18 1.000000
  0 -2533.356445 -3907.463867 2870.316406 0.362455 -0.075462 0.928941 0.289063 -0.335938 1 18 1.000000
"ffdtex0.png"
  0 -2800.648193 -5800.147949 3143.128906 0.000000 0.000000 0.000000 0.000000 -0.507813 1 21 1.000000
  0 -3030.723633 -6086.990723 2897.286377 0.000000 0.000000 0.000000 0.093750 -0.507813 1 21 1.000000
  0 -2942.099365 -5707.676270 2529.335205 -0.892345 -0.113403 0.436875 0.085938 -0.609375 1 21 1.000000
"ffdtex0.png"
  0 -2800.648193 -5800.147949 3143.128906 0.000000 0.000000 0.000000 0.000000 -0.507813 1 21 1.000000
  0 -2942.099365 -5707.676270 2529.335205 -0.892345 -0.113403 0.436875 0.085938 -0.609375 1 21 1.000000
  0 -3030.723633 -6086.990723 2897.286377 0.000000 0.000000 0.000000 0.093750 -0.507813 1 21 1.000000
"ffdtex0.png"
  0 -2762.000977 -5376.901367 2636.897949 -0.784433 -0.611808 0.101765 0.007813 -0.648438 1 21 1.000000
  0 -2942.099365 -5707.676270 2529.335205 -0.892345 -0.113403 0.436875 0.085938 -0.609375 1 21 1.000000
  0 -2800.648193 -5800.147949 3143.128906 0.000000 0.000000 0.000000 0.000000 -0.507813 1 21 1.000000
"ffdtex0.png"
  0 -2762.000977 -5376.901367 2636.897949 -0.784433 -0.611808 0.101765 0.007813 -0.648438 1 21 1.000000
  0 -2800.648193 -5800.147949 3143.128906 0.000000 0.000000 0.000000 0.000000 -0.507813 1 21 1.000000
  0 -2942.099365 -5707.676270 2529.335205 -0.892345 -0.113403 0.436875 0.085938 -0.609375 1 21 1.000000
"ffdtex0.png"
  0 -2132.806885 -5453.784180 3030.636719 0.000000 0.000000 0.000000 0.000000 -0.492188 1 13 1.000000
  0 -2462.722168 -5796.500000 3035.395752 -0.443240 0.850896 0.281983 0.070313 -0.421875 1 13 1.000000
  0 -2927.943359 -5548.955078 2574.208740 0.000000 1.000000 0.000000 0.187500 -0.500000 1 13 1.000000
"ffdtex0.png"
  0 -2462.722168 -5796.500000 3035.395752 -0.443240 0.850896 0.281983 0.070313 -0.421875 1 13 1.000000
  0 -2927.943359 -5548.955078 2574.208740 0.000000 1.000000 0.000000 0.187500 -0.500000 1 13 1.000000
  0 -2820.376221 -5942.918457 2649.316406 -0.822829 0.563229 -0.075668 0.187500 -0.414063 1 13 1.000000
"ffdtex0.png"
  0 -2132.806885 -5453.784180 3030.636719 0.000000 0.000000 0.000000 0.000000 -0.492188 1 13 1.000000
  0 -2927.943359 -5548.955078 2574.208740 0.000000 1.000000 0.000000 0.187500 -0.500000 1 13 1.000000
  0 -2462.722168 -5796.500000 3035.395752 -0.443240 0.850896 0.281983 0.070313 -0.421875 1 13 1.000000
"ffdtex0.png"
  0 -2178.031738 -5791.094238 3281.329102 -0.514965 0.758887 0.398625 0.000000 -0.406250 1 13 1.000000
  0 -2132.806885 -5453.784180 3030.636719 0.000000 0.000000 0.000000 0.000000 -0.492188 1 13 1.000000
  0 -2462.722168 -5796.500000 3035.395752 -0.443240 0.850896 0.281983 0.070313 -0.421875 1 13 1.000000
"ffdtex0.png"
  0 -2820.376221 -5942.918457 2649.316406 -0.822829 0.563229 -0.075668 0.187500 -0.414063 1 13 1.000000
  0 -2927.943359 -5548.955078 2574.208740 0.000000 1.000000 0.000000 0.187500 -0.500000 1 13 1.000000
  0 -2462.722168 -5796.500000 3035.395752 -0.443240 0.850896 0.281983 0.070313 -0.421875 1 13 1.000000
"ffdtex0.png"
  0 -2178.031738 -5791.094238 3281.329102 -0.514965 0.758887 0.398625 0.000000 -0.406250 1 13 1.000000
  0 -2462.722168 -5796.500000 3035.395752 -0.443240 0.850896 0.281983 0.070313 -0.421875 1 13 1.000000
  0 -2132.806885 -5453.784180 3030.636719 0.000000 0.000000 0.000000 0.000000 -0.492188 1 13 1.000000
"ffdtex0.png"
  0 1739.476440 -6587.340332 6100.272949 -0.657531 0.107256 0.745754 0.406250 -0.406250 1 17 1.000000
  0 3410.698486 -7212.267578 3968.942871 0.444588 -0.703231 0.554805 0.210938 -0.453125 1 17 1.000000
  0 3276.426758 -6649.405762 3921.520752 0.238853 0.960746 0.141125 0.226563 -0.492188 1 17 1.000000
"ffdtex0.png"
  0 1739.476440 -6587.340332 6100.272949 -0.657531 0.107256 0.745754 0.406250 -0.406250 1 17 1.000000
  0 3276.426758 -6649.405762 3921.520752 0.238853 0.960746 0.141125 0.226563 -0.492188 1 17 1.000000
  0 2956.174072 -7037.475586 3683.436279 -0.888315 -0.210968 -0.407908 0.250000 -0.523438 1 17 1.000000
"ffdtex0.png"
  0 -2726.186523 -10190.687500 2787.463867 -0.621261 0.135689 0.771767 0.406250 -0.406250 1 16 1.000000
  0 -1116.703003 -10197.278320 660.835449 -0.786182 0.165171 -0.595513 0.226563 -0.492188 1 16 1.000000
  0 -729.045471 -10563.444336 890.475769 0.163616 -0.921110 0.353251 0.210938 -0.453125 1 16 1.000000
"ffdtex0.png"
  0 -2726.186523 -10190.687500 2787.463867 -0.621261 0.135689 0.771767 0.406250 -0.406250 1 16 1.000000
  0 -688.805786 -10004.726563 960.288086 0.381616 0.774594 0.504353 0.250000 -0.523438 1 16 1.000000
  0 -1116.703003 -10197.278320 660.835449 -0.786182 0.165171 -0.595513 0.226563 -0.492188 1 16 1.000000
"ffdtex0.png"
  0 -2726.186523 -10190.687500 2787.463867 -0.621261 0.135689 0.771767 0.406250 -0.406250 1 16 1.000000
  0 -729.045471 -10563.444336 890.475769 0.163616 -0.921110 0.353251 0.273438 -0.562500 1 16 1.000000
  0 -688.805786 -10004.726563 960.288086 0.381616 0.774594 0.504353 0.250000 -0.523438 1 16 1.000000
"ffdtex0.png"
  0 1739.476440 -6587.340332 6100.272949 -0.657531 0.107256 0.745754 0.406250 -0.406250 1 17 1.000000
  0 2956.174072 -7037.475586 3683.436279 -0.888315 -0.210968 -0.407908 0.250000 -0.523438 1 17 1.000000
  0 3410.698486 -7212.267578 3968.942871 0.444588 -0.703231 0.554805 0.273438 -0.562500 1 17 1.000000
"ffdtex0.png"
  0 -2762.000977 -5376.901367 2636.897949 -0.784433 -0.611808 0.101765 0.429688 -0.976563 1 21 1.000000
  0 -2317.045898 -5835.769531 3308.034424 -0.136388 -0.209896 0.968164 0.429688 -0.843750 1 21 1.000000
  0 -2672.163574 -5214.117188 2691.335449 -0.048280 0.651635 0.756994 0.398438 -0.976563 1 21 1.000000
"ffdtex0.png"
  0 -2540.395508 -5365.224609 2584.061768 0.839201 -0.299775 -0.453736 0.468750 -0.968750 1 21 1.000000
  0 -2317.045898 -5835.769531 3308.034424 -0.136388 -0.209896 0.968164 0.429688 -0.843750 1 21 1.000000
  0 -2762.000977 -5376.901367 2636.897949 -0.784433 -0.611808 0.101765 0.429688 -0.976563 1 21 1.000000
"ffdtex0.png"
  0 -2672.163574 -5214.117188 2691.335449 -0.048280 0.651635 0.756994 0.398438 -0.976563 1 21 1.000000
  0 -2317.045898 -5835.769531 3308.034424 -0.136388 -0.209896 0.968164 0.429688 -0.843750 1 21 1.000000
  0 -2540.395508 -5365.224609 2584.061768 0.839201 -0.299775 -0.453736 0.375000 -0.960938 1 21 1.000000
"ffdtex0.png"
  0 -2178.031738 -5791.094238 3281.329102 -0.514965 0.758887 0.398625 0.429688 -0.984375 1 13 1.000000
  0 -1708.323853 -5057.978027 3265.667969 0.493534 0.480870 0.724699 0.429688 -0.851563 1 13 1.000000
  0 -1832.233276 -5901.046875 3250.560303 0.853582 -0.116355 -0.507799 0.492188 -0.968750 1 13 1.000000
"ffdtex0.png"
  0 -1918.229858 -5729.827148 3418.275635 -0.132664 0.673817 0.726891 0.398438 -0.953125 1 13 1.000000
  0 -1708.323853 -5057.978027 3265.667969 0.493534 0.480870 0.724699 0.429688 -0.851563 1 13 1.000000
  0 -2178.031738 -5791.094238 3281.329102 -0.514965 0.758887 0.398625 0.429688 -0.984375 1 13 1.000000
"ffdtex0.png"
  0 -2960.419189 -5733.140625 2139.732910 -0.474410 -0.055194 0.878572 0.429688 -0.976563 1 21 1.000000
  0 -2969.327881 -5747.644531 1946.747803 -0.622794 -0.380550 -0.683600 0.398438 -0.976563 1 21 1.000000
  0 -2763.563721 -6637.445801 2189.219971 -0.500641 -0.863876 0.055474 0.429688 -0.843750 1 21 1.000000
"ffdtex0.png"
  0 -2759.797119 -5759.137695 2034.319458 0.998397 -0.013955 -0.054848 0.468750 -0.968750 1 21 1.000000
  0 -2960.419189 -5733.140625 2139.732910 -0.474410 -0.055194 0.878572 0.429688 -0.976563 1 21 1.000000
  0 -2763.563721 -6637.445801 2189.219971 -0.500641 -0.863876 0.055474 0.429688 -0.843750 1 21 1.000000
"ffdtex0.png"
  0 -2969.327881 -5747.644531 1946.747803 -0.622794 -0.380550 -0.683600 0.398438 -0.976563 1 21 1.000000
  0 -2759.797119 -5759.137695 2034.319458 0.998397 -0.013955 -0.054848 0.375000 -0.960938 1 21 1.000000
  0 -2763.563721 -6637.445801 2189.219971 -0.500641 -0.863876 0.055474 0.429688 -0.843750 1 21 1.000000
"ffdtex0.png"
  0 -2653.556396 -6644.849121 2089.834229 -0.866594 0.127574 -0.482432 0.429688 -0.984375 1 13 1.000000
  0 -2321.335449 -6779.179199 2025.044800 0.973121 0.098265 -0.208276 0.492188 -0.968750 1 13 1.000000
  0 -2516.499512 -6508.973633 1240.668091 -0.110697 -0.603964 -0.789287 0.429688 -0.851563 1 13 1.000000
"ffdtex0.png"
  0 -2529.530518 -6827.354004 1886.574463 -0.684657 -0.317230 -0.656208 0.398438 -0.953125 1 13 1.000000
  0 -2653.556396 -6644.849121 2089.834229 -0.866594 0.127574 -0.482432 0.429688 -0.984375 1 13 1.000000
  0 -2516.499512 -6508.973633 1240.668091 -0.110697 -0.603964 -0.789287 0.429688 -0.851563 1 13 1.000000
"ffdtex0.png"
  0 -2321.335449 -6779.179199 2025.044800 0.973121 0.098265 -0.208276 0.359375 -0.953125 1 13 1.000000
  0 -2529.530518 -6827.354004 1886.574463 -0.684657 -0.317230 -0.656208 0.398438 -0.953125 1 13 1.000000
  0 -2516.499512 -6508.973633 1240.668091 -0.110697 -0.603964 -0.789287 0.429688 -0.851563 1 13 1.000000
"ffdtex0.png"
  0 -2529.530518 -6827.354004 1886.574463 -0.684657 -0.317230 -0.656208 0.578125 -0.296875 1 13 1.000000
  0 -1966.064819 -6922.287598 1956.052856 -0.217620 -0.104311 -0.970444 0.625000 -0.257813 1 13 1.000000
  0 -2496.275635 -7167.629395 1985.203857 -0.629129 -0.479905 -0.611464 0.609375 -0.328125 1 13 1.000000
"ffdtex0.png"
  0 -2588.545166 -7038.778809 2340.981689 -0.965654 -0.239713 -0.100250 0.625000 -0.835938 1 13 1.000000
  0 -2627.990967 -7315.473145 2389.440674 -0.943412 -0.134340 -0.303194 0.601563 -0.781250 1 13 1.000000
  0 -2631.685791 -7048.133789 2600.289063 -0.976865 0.117400 0.178751 0.664063 -0.804688 1 13 1.000000
"ffdtex0.png"
  0 -2581.861572 -7576.094238 2645.722900 -0.842220 -0.465364 0.272215 0.617188 -0.710938 1 13 1.000000
  0 -2482.438965 -7656.593750 2371.431152 -0.660983 -0.652206 -0.371119 0.562500 -0.718750 1 13 1.000000
  0 -2210.385986 -7790.350098 2621.243896 -0.589707 -0.758127 -0.278367 0.554688 -0.648438 1 13 1.000000
"ffdtex0.png"
  0 -2210.385986 -7790.350098 2621.243896 -0.589707 -0.758127 -0.278367 0.554688 -0.648438 1 13 1.000000
  0 -2482.438965 -7656.593750 2371.431152 -0.660983 -0.652206 -0.371119 0.562500 -0.718750 1 13 1.000000
  0 -2240.698730 -7770.409668 2350.040039 -0.215990 -0.903497 -0.370192 0.515625 -0.695313 1 13 1.000000
"ffdtex0.png"
  0 -2473.700928 -7315.816406 2176.789551 -0.707492 -0.360991 -0.607570 0.554688 -0.804688 1 13 1.000000
  0 -2143.778809 -7361.333984 2019.533325 -0.205322 -0.378386 -0.902589 0.476563 -0.796875 1 13 1.000000
  0 -2279.203857 -7591.877930 2161.175537 -0.330592 -0.549126 -0.767573 0.507813 -0.750000 1 13 1.000000
"ffdtex0.png"
  0 -2482.438965 -7656.593750 2371.431152 -0.660983 -0.652206 -0.371119 0.562500 -0.718750 1 13 1.000000
  0 -2473.700928 -7315.816406 2176.789551 -0.707492 -0.360991 -0.607570 0.554688 -0.804688 1 13 1.000000
  0 -2279.203857 -7591.877930 2161.175537 -0.330592 -0.549126 -0.767573 0.507813 -0.750000 1 13 1.000000
"ffdtex0.png"
  0 -2482.438965 -7656.593750 2371.431152 -0.660983 -0.652206 -0.371119 0.562500 -0.718750 1 13 1.000000
  0 -2627.990967 -7315.473145 2389.440674 -0.943412 -0.134340 -0.303194 0.601563 -0.781250 1 13 1.000000
  0 -2473.700928 -7315.816406 2176.789551 -0.707492 -0.360991 -0.607570 0.554688 -0.804688 1 13 1.000000
"ffdtex0.png"
  0 -2588.545166 -7038.778809 2340.981689 -0.965654 -0.239713 -0.100250 0.625000 -0.835938 1 13 1.000000
  0 -2496.275635 -7167.629395 1985.203857 -0.629129 -0.479905 -0.611464 0.539063 -0.843750 1 13 1.000000
  0 -2473.700928 -7315.816406 2176.789551 -0.707492 -0.360991 -0.607570 0.554688 -0.804688 1 13 1.000000
"ffdtex0.png"
  0 -1832.233276 -5901.046875 3250.560303 0.853582 -0.116355 -0.507799 0.359375 -0.953125 1 13 1.000000
  0 -1708.323853 -5057.978027 3265.667969 0.493534 0.480870 0.724699 0.429688 -0.851563 1 13 1.000000
  0 -1918.229858 -5729.827148 3418.275635 -0.132664 0.673817 0.726891 0.398438 -0.953125 1 13 1.000000
"ffdtex0.png"
  0 -2014.062500 -7721.430176 2243.893799 -0.190952 -0.788210 -0.585032 0.468750 -0.703125 1 13 1.000000
  0 -2210.385986 -7790.350098 2621.243896 -0.589707 -0.758127 -0.278367 0.554688 -0.648438 1 13 1.000000
  0 -2240.698730 -7770.409668 2350.040039 -0.215990 -0.903497 -0.370192 0.515625 -0.695313 1 13 1.000000
"ffdtex0.png"
  0 -2486.665527 -7337.081543 2845.161133 -0.994337 -0.102842 -0.026801 0.679688 -0.710938 1 13 1.000000
  0 -2581.861572 -7576.094238 2645.722900 -0.842220 -0.465364 0.272215 0.617188 -0.710938 1 13 1.000000
  0 -2433.447266 -7588.723145 2802.473389 -0.899166 -0.364200 -0.242607 0.632813 -0.671875 1 13 1.000000
"ffdtex0.png"
  0 -2493.898682 -6776.867188 2786.778076 -0.894396 -0.299678 0.332038 0.734375 -0.828125 1 13 1.000000
  0 -2588.545166 -7038.778809 2340.981689 -0.965654 -0.239713 -0.100250 0.625000 -0.835938 1 13 1.000000
  0 -2631.685791 -7048.133789 2600.289063 -0.976865 0.117400 0.178751 0.664063 -0.804688 1 13 1.000000
"ffdtex0.png"
  0 -1918.229858 -5729.827148 3418.275635 -0.132664 0.673817 0.726891 0.578125 -0.296875 1 13 1.000000
  0 -1822.024414 -5957.081543 3674.636719 -0.053440 0.553686 0.831009 0.609375 -0.328125 1 13 1.000000
  0 -1462.767944 -6018.669922 3217.135254 0.322575 0.865554 0.383094 0.625000 -0.257813 1 13 1.000000
"ffdtex0.png"
  0 -2110.551758 -6180.591309 3538.662109 -0.651948 0.323514 0.685786 0.625000 -0.835938 1 13 1.000000
  0 -2266.016357 -6391.612305 3516.526123 -0.916265 0.226200 0.330592 0.664063 -0.804688 1 13 1.000000
  0 -2071.000732 -6315.455078 3785.059082 -0.573128 0.530465 0.624604 0.601563 -0.781250 1 13 1.000000
"ffdtex0.png"
  0 -153.279190 -6370.059082 1890.944214 0.884217 -0.086304 -0.459034 0.710938 -0.031250 1 5 1.000000
  0 58.264046 -7333.100586 1856.375977 0.647690 0.226836 -0.727354 0.804688 -0.093750 1 13 1.000000
  0 -564.964661 -6623.084473 1564.017212 -0.008970 -0.638911 -0.769228 0.695313 -0.101563 1 5 1.000000
"ffdtex0.png"
  0 -2895.982910 -6404.437988 2430.775391 -0.910647 0.038879 -0.411351 0.492188 -0.320313 1 13 1.000000
  0 -2653.556396 -6644.849121 2089.834229 -0.866594 0.127574 -0.482432 0.546875 -0.296875 1 13 1.000000
  0 -2734.507813 -6655.010254 2530.356201 -0.978778 -0.197595 -0.054308 0.515625 -0.351563 1 13 1.000000
"ffdtex0.png"
  0 -2066.838623 -6651.423828 3936.186768 -0.652601 -0.124923 0.747332 0.617188 -0.710938 1 13 1.000000
  0 -1681.168091 -6840.194824 3947.274658 -0.085344 0.147405 0.985387 0.554688 -0.648438 1 13 1.000000
  0 -1827.936768 -6481.503418 4011.379639 -0.135003 0.292137 0.946800 0.562500 -0.718750 1 13 1.000000
"ffdtex0.png"
  0 -1681.168091 -6840.194824 3947.274658 -0.085344 0.147405 0.985387 0.554688 -0.648438 1 13 1.000000
  0 -1583.110718 -6589.778809 3997.720459 0.310724 0.042163 0.949565 0.515625 -0.695313 1 13 1.000000
  0 -1827.936768 -6481.503418 4011.379639 -0.135003 0.292137 0.946800 0.562500 -0.718750 1 13 1.000000
"ffdtex0.png"
  0 -1844.502563 -6186.155762 3753.335938 -0.159397 0.623057 0.765762 0.554688 -0.804688 1 13 1.000000
  0 -1585.203369 -6345.872070 3900.093018 0.286405 0.558628 0.778401 0.507813 -0.750000 1 13 1.000000
  0 -1486.808105 -6181.811523 3665.667236 0.393865 0.697392 0.598761 0.476563 -0.796875 1 13 1.000000
"ffdtex0.png"
  0 -2653.556396 -6644.849121 2089.834229 -0.866594 0.127574 -0.482432 0.546875 -0.296875 1 13 1.000000
  0 -2529.530518 -6827.354004 1886.574463 -0.684657 -0.317230 -0.656208 0.578125 -0.296875 1 13 1.000000
  0 -2734.507813 -6655.010254 2530.356201 -0.978778 -0.197595 -0.054308 0.515625 -0.351563 1 13 1.000000
"ffdtex0.png"
  0 -2486.665527 -7337.081543 2845.161133 -0.994337 -0.102842 -0.026801 0.625000 -0.406250 1 13 1.000000
  0 -2529.359375 -7760.746582 2965.307129 -0.933701 -0.303438 -0.190073 0.679688 -0.421875 1 13 1.000000
  0 -2566.897705 -6653.153320 2856.599121 -0.988221 -0.110341 -0.106035 0.546875 -0.414063 1 13 1.000000
"ffdtex0.png"
  0 -2566.897705 -6653.153320 2856.599121 -0.988221 -0.110341 -0.106035 0.500000 -0.398438 1 13 1.000000
  0 -2751.055420 -6817.105469 2660.868164 -0.868106 -0.424135 0.257880 0.531250 -0.375000 1 13 1.000000
  0 -2493.898682 -6776.867188 2786.778076 -0.894396 -0.299678 0.332038 0.523438 -0.406250 1 13 1.000000
"ffdtex0.png"
  0 -1001.630737 -8005.895996 1980.291382 -0.278591 -0.511896 -0.812619 0.781250 -0.234375 1 13 1.000000
  0 -797.333435 -8371.617188 2736.344482 -0.005652 -0.994638 -0.103260 0.859375 -0.281250 1 13 1.000000
  0 -1845.021362 -7932.333496 2235.724121 -0.456317 -0.801808 -0.385848 0.718750 -0.320313 1 13 1.000000
"ffdtex0.png"
  0 -1845.021362 -7932.333496 2235.724121 -0.456317 -0.801808 -0.385848 0.718750 -0.320313 1 13 1.000000
  0 -797.333435 -8371.617188 2736.344482 -0.005652 -0.994638 -0.103260 0.859375 -0.281250 1 13 1.000000
  0 -1579.792847 -7999.799805 2711.067383 -0.240390 -0.949459 -0.201845 0.773438 -0.351563 1 13 1.000000
"ffdtex0.png"
  0 -2646.510254 -6659.747070 3093.563965 -0.900436 -0.092415 0.425059 0.562500 -0.453125 1 13 1.000000
  0 -2566.897705 -6653.153320 2856.599121 -0.988221 -0.110341 -0.106035 0.546875 -0.414063 1 13 1.000000
  0 -2529.359375 -7760.746582 2965.307129 -0.933701 -0.303438 -0.190073 0.679688 -0.421875 1 13 1.000000
"ffdtex0.png"
  0 -1579.792847 -7999.799805 2711.067383 -0.240390 -0.949459 -0.201845 0.773438 -0.351563 1 13 1.000000
  0 -2194.087402 -8071.222656 2631.049072 -0.581346 -0.730482 -0.358374 0.710938 -0.375000 1 13 1.000000
  0 -1845.021362 -7932.333496 2235.724121 -0.456317 -0.801808 -0.385848 0.718750 -0.320313 1 13 1.000000
"ffdtex0.png"
  0 -2493.898682 -6776.867188 2786.778076 -0.894396 -0.299678 0.332038 0.562500 -0.406250 1 13 1.000000
  0 -2486.665527 -7337.081543 2845.161133 -0.994337 -0.102842 -0.026801 0.625000 -0.406250 1 13 1.000000
  0 -2566.897705 -6653.153320 2856.599121 -0.988221 -0.110341 -0.106035 0.546875 -0.414063 1 13 1.000000
"ffdtex0.png"
  0 -2194.087402 -8071.222656 2631.049072 -0.581346 -0.730482 -0.358374 0.710938 -0.375000 1 13 1.000000
  0 -2218.082275 -7846.004883 3120.740967 -0.430599 -0.827637 0.360001 0.718750 -0.445313 1 13 1.000000
  0 -2529.359375 -7760.746582 2965.307129 -0.933701 -0.303438 -0.190073 0.679688 -0.421875 1 13 1.000000
"ffdtex0.png"
  0 -797.333435 -8371.617188 2736.344482 -0.005652 -0.994638 -0.103260 0.859375 -0.281250 1 13 1.000000
  0 -1356.070801 -8437.793945 3059.781006 -0.199280 -0.971710 0.126758 0.843750 -0.367188 1 13 1.000000
  0 -1579.792847 -7999.799805 2711.067383 -0.240390 -0.949459 -0.201845 0.773438 -0.351563 1 13 1.000000
"ffdtex0.png"
  0 -1966.064819 -6922.287598 1956.052856 -0.217620 -0.104311 -0.970444 0.625000 -0.257813 1 13 1.000000
  0 -1570.305054 -6869.579102 1881.911133 -0.077896 -0.128538 -0.988640 0.640625 -0.210938 1 13 1.000000
  0 -2143.778809 -7361.333984 2019.533325 -0.205322 -0.378386 -0.902589 0.648438 -0.304688 1 13 1.000000
"ffdtex0.png"
  0 -1827.936768 -6481.503418 4011.379639 -0.135003 0.292137 0.946800 0.562500 -0.718750 1 13 1.000000
  0 -1585.203369 -6345.872070 3900.093018 0.286405 0.558628 0.778401 0.507813 -0.750000 1 13 1.000000
  0 -1844.502563 -6186.155762 3753.335938 -0.159397 0.623057 0.765762 0.554688 -0.804688 1 13 1.000000
"ffdtex0.png"
  0 -2496.275635 -7167.629395 1985.203857 -0.629129 -0.479905 -0.611464 0.609375 -0.328125 1 13 1.000000
  0 -2751.055420 -6817.105469 2660.868164 -0.868106 -0.424135 0.257880 0.531250 -0.375000 1 13 1.000000
  0 -2529.530518 -6827.354004 1886.574463 -0.684657 -0.317230 -0.656208 0.578125 -0.296875 1 13 1.000000
"ffdtex0.png"
  0 -2764.823730 -6338.892090 2278.437012 -0.784326 0.238124 -0.572826 0.500000 -0.296875 1 13 1.000000
  0 -2895.982910 -6404.437988 2430.775391 -0.910647 0.038879 -0.411351 0.492188 -0.320313 1 13 1.000000
  0 -2820.376221 -5942.918457 2649.316406 -0.822829 0.563229 -0.075668 0.437500 -0.296875 1 13 1.000000
"ffdtex0.png"
  0 -1827.936768 -6481.503418 4011.379639 -0.135003 0.292137 0.946800 0.562500 -0.718750 1 13 1.000000
  0 -1844.502563 -6186.155762 3753.335938 -0.159397 0.623057 0.765762 0.554688 -0.804688 1 13 1.000000
  0 -2071.000732 -6315.455078 3785.059082 -0.573128 0.530465 0.624604 0.601563 -0.781250 1 13 1.000000
"ffdtex0.png"
  0 -2653.556396 -6644.849121 2089.834229 -0.866594 0.127574 -0.482432 0.546875 -0.296875 1 13 1.000000
  0 -2895.982910 -6404.437988 2430.775391 -0.910647 0.038879 -0.411351 0.492188 -0.320313 1 13 1.000000
  0 -2764.823730 -6338.892090 2278.437012 -0.784326 0.238124 -0.572826 0.500000 -0.296875 1 13 1.000000
"ffdtex0.png"
  0 -2110.551758 -6180.591309 3538.662109 -0.651948 0.323514 0.685786 0.625000 -0.835938 1 13 1.000000
  0 -1844.502563 -6186.155762 3753.335938 -0.159397 0.623057 0.765762 0.554688 -0.804688 1 13 1.000000
  0 -1822.024414 -5957.081543 3674.636719 -0.053440 0.553686 0.831009 0.539063 -0.843750 1 13 1.000000
"ffdtex0.png"
  0 -1365.732056 -6557.419922 3868.378174 0.394094 0.262178 0.880882 0.468750 -0.703125 1 13 1.000000
  0 -1583.110718 -6589.778809 3997.720459 0.310724 0.042163 0.949565 0.515625 -0.695313 1 13 1.000000
  0 -1681.168091 -6840.194824 3947.274658 -0.085344 0.147405 0.985387 0.554688 -0.648438 1 13 1.000000
"ffdtex0.png"
  0 -2166.666260 -6762.555664 3646.965332 -0.757016 0.323242 0.567838 0.679688 -0.710938 1 13 1.000000
  0 -2017.170410 -6841.341309 3845.514648 -0.487625 0.374679 0.788567 0.632813 -0.671875 1 13 1.000000
  0 -2066.838623 -6651.423828 3936.186768 -0.652601 -0.124923 0.747332 0.617188 -0.710938 1 13 1.000000
"ffdtex0.png"
  0 -2734.507813 -6655.010254 2530.356201 -0.978778 -0.197595 -0.054308 0.515625 -0.351563 1 13 1.000000
  0 -2751.055420 -6817.105469 2660.868164 -0.868106 -0.424135 0.257880 0.531250 -0.375000 1 13 1.000000
  0 -2566.897705 -6653.153320 2856.599121 -0.988221 -0.110341 -0.106035 0.500000 -0.398438 1 13 1.000000
"ffdtex0.png"
  0 -2588.545166 -7038.778809 2340.981689 -0.965654 -0.239713 -0.100250 0.578125 -0.367188 1 13 1.000000
  0 -2751.055420 -6817.105469 2660.868164 -0.868106 -0.424135 0.257880 0.531250 -0.375000 1 13 1.000000
  0 -2496.275635 -7167.629395 1985.203857 -0.629129 -0.479905 -0.611464 0.609375 -0.328125 1 13 1.000000
"ffdtex0.png"
  0 -2336.213379 -6493.759766 3181.881104 -0.780040 -0.094363 0.618574 0.734375 -0.828125 1 13 1.000000
  0 -2266.016357 -6391.612305 3516.526123 -0.916265 0.226200 0.330592 0.664063 -0.804688 1 13 1.000000
  0 -2110.551758 -6180.591309 3538.662109 -0.651948 0.323514 0.685786 0.625000 -0.835938 1 13 1.000000
"ffdtex0.png"
  0 -2897.839844 -6115.876953 2804.163818 -0.897089 0.439804 0.042468 0.437500 -0.320313 1 13 1.000000
  0 -2820.376221 -5942.918457 2649.316406 -0.822829 0.563229 -0.075668 0.437500 -0.296875 1 13 1.000000
  0 -2895.982910 -6404.437988 2430.775391 -0.910647 0.038879 -0.411351 0.492188 -0.320313 1 13 1.000000
"ffdtex0.png"
  0 -2433.447266 -7588.723145 2802.473389 -0.899166 -0.364200 -0.242607 0.656250 -0.398438 1 13 1.000000
  0 -2210.385986 -7790.350098 2621.243896 -0.589707 -0.758127 -0.278367 0.687500 -0.375000 1 13 1.000000
  0 -2194.087402 -8071.222656 2631.049072 -0.581346 -0.730482 -0.358374 0.710938 -0.375000 1 13 1.000000
"ffdtex0.png"
  0 -2218.082275 -7846.004883 3120.740967 -0.430599 -0.827637 0.360001 0.718750 -0.445313 1 13 1.000000
  0 -2646.510254 -6659.747070 3093.563965 -0.900436 -0.092415 0.425059 0.562500 -0.453125 1 13 1.000000
  0 -2529.359375 -7760.746582 2965.307129 -0.933701 -0.303438 -0.190073 0.679688 -0.421875 1 13 1.000000
"ffdtex0.png"
  0 -2014.062500 -7721.430176 2243.893799 -0.190952 -0.788210 -0.585032 0.687500 -0.320313 1 13 1.000000
  0 -1845.021362 -7932.333496 2235.724121 -0.456317 -0.801808 -0.385848 0.718750 -0.320313 1 13 1.000000
  0 -2210.385986 -7790.350098 2621.243896 -0.589707 -0.758127 -0.278367 0.687500 -0.375000 1 13 1.000000
"ffdtex0.png"
  0 -2588.545166 -7038.778809 2340.981689 -0.965654 -0.239713 -0.100250 0.578125 -0.367188 1 13 1.000000
  0 -2493.898682 -6776.867188 2786.778076 -0.894396 -0.299678 0.332038 0.523438 -0.406250 1 13 1.000000
  0 -2751.055420 -6817.105469 2660.868164 -0.868106 -0.424135 0.257880 0.531250 -0.375000 1 13 1.000000
"ffdtex0.png"
  0 -2631.685791 -7048.133789 2600.289063 -0.976865 0.117400 0.178751 0.664063 -0.804688 1 13 1.000000
  0 -2627.990967 -7315.473145 2389.440674 -0.943412 -0.134340 -0.303194 0.601563 -0.781250 1 13 1.000000
  0 -2581.861572 -7576.094238 2645.722900 -0.842220 -0.465364 0.272215 0.617188 -0.710938 1 13 1.000000
"ffdtex0.png"
  0 -2631.685791 -7048.133789 2600.289063 -0.976865 0.117400 0.178751 0.664063 -0.804688 1 13 1.000000
  0 -2581.861572 -7576.094238 2645.722900 -0.842220 -0.465364 0.272215 0.617188 -0.710938 1 13 1.000000
  0 -2486.665527 -7337.081543 2845.161133 -0.994337 -0.102842 -0.026801 0.679688 -0.710938 1 13 1.000000
"ffdtex0.png"
  0 -2493.898682 -6776.867188 2786.778076 -0.894396 -0.299678 0.332038 0.734375 -0.828125 1 13 1.000000
  0 -2631.685791 -7048.133789 2600.289063 -0.976865 0.117400 0.178751 0.664063 -0.804688 1 13 1.000000
  0 -2486.665527 -7337.081543 2845.161133 -0.994337 -0.102842 -0.026801 0.679688 -0.710938 1 13 1.000000
"ffdtex0.png"
  0 -2581.861572 -7576.094238 2645.722900 -0.842220 -0.465364 0.272215 0.617188 -0.710938 1 13 1.000000
  0 -2627.990967 -7315.473145 2389.440674 -0.943412 -0.134340 -0.303194 0.601563 -0.781250 1 13 1.000000
  0 -2482.438965 -7656.593750 2371.431152 -0.660983 -0.652206 -0.371119 0.562500 -0.718750 1 13 1.000000
"ffdtex0.png"
  0 -2218.082275 -7846.004883 3120.740967 -0.430599 -0.827637 0.360001 0.718750 -0.445313 1 13 1.000000
  0 -2194.087402 -8071.222656 2631.049072 -0.581346 -0.730482 -0.358374 0.710938 -0.375000 1 13 1.000000
  0 -1579.792847 -7999.799805 2711.067383 -0.240390 -0.949459 -0.201845 0.773438 -0.351563 1 13 1.000000
"ffdtex0.png"
  0 -2194.087402 -8071.222656 2631.049072 -0.581346 -0.730482 -0.358374 0.710938 -0.375000 1 13 1.000000
  0 -2210.385986 -7790.350098 2621.243896 -0.589707 -0.758127 -0.278367 0.687500 -0.375000 1 13 1.000000
  0 -1845.021362 -7932.333496 2235.724121 -0.456317 -0.801808 -0.385848 0.718750 -0.320313 1 13 1.000000
"ffdtex0.png"
  0 -2279.203857 -7591.877930 2161.175537 -0.330592 -0.549126 -0.767573 0.507813 -0.750000 1 13 1.000000
  0 -2240.698730 -7770.409668 2350.040039 -0.215990 -0.903497 -0.370192 0.515625 -0.695313 1 13 1.000000
  0 -2482.438965 -7656.593750 2371.431152 -0.660983 -0.652206 -0.371119 0.562500 -0.718750 1 13 1.000000
"ffdtex0.png"
  0 -2014.062500 -7721.430176 2243.893799 -0.190952 -0.788210 -0.585032 0.468750 -0.703125 1 13 1.000000
  0 -2240.698730 -7770.409668 2350.040039 -0.215990 -0.903497 -0.370192 0.515625 -0.695313 1 13 1.000000
  0 -2279.203857 -7591.877930 2161.175537 -0.330592 -0.549126 -0.767573 0.507813 -0.750000 1 13 1.000000
"ffdtex0.png"
  0 -2473.700928 -7315.816406 2176.789551 -0.707492 -0.360991 -0.607570 0.554688 -0.804688 1 13 1.000000
  0 -2627.990967 -7315.473145 2389.440674 -0.943412 -0.134340 -0.303194 0.601563 -0.781250 1 13 1.000000
  0 -2588.545166 -7038.778809 2340.981689 -0.965654 -0.239713 -0.100250 0.625000 -0.835938 1 13 1.000000
"ffdtex0.png"
  0 -2014.062500 -7721.430176 2243.893799 -0.190952 -0.788210 -0.585032 0.468750 -0.703125 1 13 1.000000
  0 -2279.203857 -7591.877930 2161.175537 -0.330592 -0.549126 -0.767573 0.507813 -0.750000 1 13 1.000000
  0 -2143.778809 -7361.333984 2019.533325 -0.205322 -0.378386 -0.902589 0.476563 -0.796875 1 13 1.000000
"ffdtex0.png"
